-55.10146799111 -43.31735087788 4.49645530844999 5 25 l-bankssts
-4.70231800774 14.95267292013 26.06975464107 2 24 l-caudalanteriorcingulate
-37.79588422968 10.29271626302 44.05088953703 1 22 l-caudalmiddlefrontal
-6.68956659617001 -80.71657669967 26.02539929934 3 14 l-corpuscallosum
-22.54272241987 -11.6937389132 -29.16218656512 5 1 l-cuneus
-31.38337837844 -47.85771247674 -16.11677114814 5 29 l-entorhinal
-39.21852426419 -67.59496745837 33.22329573047 4 28 l-fusiform
-46.77523223086 -36.58604352162 -19.38153162059 5 29 l-inferiorparietal
-5.73920074357 -48.0910106142 20.60562753484 2 34 l-inferiortemporal
-29.47154639178 -85.68327999906 4.88005285964999 3 26 l-isthmuscingulate
-22.1290295749 23.11563527434 -13.51131135703 1 25 l-lateraloccipital
-10.64081661886 -70.6257137624 -0.243479668220007 3 27 l-lateralorbitofrontal
-5.5467624521 38.61809221537 -12.38886604869 1 17 l-lingual
-57.51796784393 -32.14515774079 -10.31148635865 5 25 l-medialorbitofrontal
-21.06757197706 -36.11143122916 -12.82617861427 2 11 l-middletemporal
-6.58004393667 -10.14993509974 56.89948684581 1 27 l-parahippocampal
-44.10786493868 7.50395037597 14.22983471917 1 16 l-paracentral
-40.69331168825 30.54473284162 -10.01733099357 1 15 l-parsopercularis
-42.68887096769 22.39303241346 4.04775488824 1 21 l-parsorbitalis
-10.79751700672 -83.4054412559 12.30608273557 3 24 l-parstriangularis
-44.9768146718 -26.87985308734 41.17916602288 4 21 l-pericalcarine
-5.00353896096 -21.08926755684 39.4326365389 2 34 l-postcentral
-39.26804347817 -13.04824459279 41.60574658096 1 29 l-posteriorcingulate
-8.68821070231001 -60.27632793712 38.82596397219 4 39 l-precentral
-5.15298387098001 32.50759256037 5.17920650114999 2 21 l-precuneus
-29.69588039289 42.99784250674 20.19415852701 1 30 l-rostralanteriorcingulate
-10.851275915 19.13656402874 45.60352740567 1 38 l-rostralmiddlefrontal
-23.38215639817 -66.57287465105 48.952449889 4 36 l-superiorfrontal
-52.84761796034 -13.14053604095 -2.37230697648 5 24 l-superiorparietal
-54.27477236635 -38.33941879661 28.01683564433 4 28 l-superiortemporal
-7.58483193273 60.83100652313 -8.94061594391001 1 11 l-supramarginal
-27.57426406932 6.66360124101 -32.4784565348 5 6 l-frontalpole
-45.20966321245 -18.61020440191 6.94320867392999 5 17 l-temporalpole
-35.60916666673 -7.26960852595 3.06338379551999 6 32 l-transversetemporal
55.17970824957 -43.31735087788 10.56828451767 5 27 r-bankssts
4.03886422982999 14.95267292013 30.10920523769 2 21 r-caudalanteriorcingulate
38.72493874425 10.29271626302 41.14271116938 1 30 r-caudalmiddlefrontal
7.03210073709 -80.71657669967 23.3035605473 3 17 r-corpuscallosum
18.5067154811 -11.6937389132 -28.68709461918 5 4 r-cuneus
31.15092755206 -47.85771247674 -16.10813017253 5 22 r-entorhinal
43.60285764626 -67.59496745837 30.8657798491 4 32 r-fusiform
48.98027874573 -36.58604352162 -16.82898446208 5 32 r-inferiorparietal
6.10865079368999 -48.0910106142 21.73542513904 2 38 r-inferiortemporal
32.39153126424 -85.68327999906 3.18603318204999 3 24 r-isthmuscingulate
21.84661557579 23.11563527434 -12.28141367156 1 30 r-lateraloccipital
10.84837016577 -70.6257137624 1.11418511457999 3 24 r-lateralorbitofrontal
4.14282608693999 38.61809221537 -7.67510626185 1 21 r-lingual
56.00899132321 -32.14515774079 -8.24310824237 5 26 r-medialorbitofrontal
20.49248110832 -36.11143122916 -13.27168933044 2 21 r-middletemporal
7.05720028200999 -10.14993509974 58.32714430532 1 27 r-parahippocampal
43.82720338975 7.50395037597 14.30324058172 1 15 r-paracentral
40.24440334135 30.54473284162 -8.32276632206001 1 21 r-parsopercularis
45.99020661152 22.39303241346 7.11990631450999 1 19 r-parsorbitalis
12.21456521735 -83.4054412559 11.52682610523 3 24 r-parstriangularis
42.89415764132 -26.87985308734 44.48070391962 4 32 r-pericalcarine
4.57472742762999 -21.08926755684 38.80600624831 2 26 r-postcentral
40.27644900792 -13.04824459279 42.87363874731 1 39 r-posteriorcingulate
9.25622331219 -60.27632793712 37.39916303743 4 33 r-precentral
4.41011111108999 32.50759256037 10.25942513904 2 26 r-precuneus
29.21516441009 42.99784250674 15.37124181661 1 33 r-rostralanteriorcingulate
12.58537346319 19.13656402874 46.15617670485 1 34 r-rostralmiddlefrontal
21.95498248695 -66.57287465105 49.45220661407 4 33 r-superiorfrontal
50.15124044824 -13.14053604095 -4.36730763958 5 28 r-superiorparietal
52.96965753427 -38.33941879661 35.04307763889 4 29 r-superiortemporal
6.13128318575999 60.83100652313 -5.89061222560001 1 8 r-supramarginal
26.182890625 6.66360124101 -33.62714430532 5 13 r-frontalpole
43.64464028786 -18.61020440191 11.4675274573 5 18 r-temporalpole
35.64377789589 -7.26960852595 3.47680428650999 6 33 r-transversetemporal
