-55.10146799111 -43.31735087788 4.49645530844999 5 25 "1L" 0.0424394815814599
-4.70231800774 14.95267292013 26.06975464107 2 24 "2L" 0.0834167161505048
-37.79588422968 10.29271626302 44.05088953703 1 22 "3L" 0.0193636425367917
-6.68956659617001 -80.71657669967 26.02539929934 3 14 "4L" -0.0120032899872108
-22.54272241987 -11.6937389132 -29.16218656512 5 1 "5L" -0.0236160921326417
-31.38337837844 -47.85771247674 -16.11677114814 5 29 "6L" 0.0283920403700156
-39.21852426419 -67.59496745837 33.22329573047 4 28 "7L" 0.0220238821825695
-46.77523223086 -36.58604352162 -19.38153162059 5 29 "8L" 0.0483181941347182
-5.73920074357 -48.0910106142 20.60562753484 2 34 "9L" -0.00664760620939295
-29.47154639178 -85.68327999906 4.88005285964999 3 26 "10L" 0.0264277356617174
-22.1290295749 23.11563527434 -13.51131135703 1 25 "11L" 0.0755943664665791
-10.64081661886 -70.6257137624 -0.243479668220007 3 27 "12L" 0.0465879287639582
-5.5467624521 38.61809221537 -12.38886604869 1 17 "13L" -0.0142095348345614
-57.51796784393 -32.14515774079 -10.31148635865 5 25 "14L" 0.0572477071273314
-21.06757197706 -36.11143122916 -12.82617861427 2 11 "15L" 0.00637236619313272
-6.58004393667 -10.14993509974 56.89948684581 1 27 "16L" -0.00813937388375394
-44.10786493868 7.50395037597 14.22983471917 1 16 "17L" 0.0355017697068248
-40.69331168825 30.54473284162 -10.01733099357 1 15 "18L" 0.104248133728925
-42.68887096769 22.39303241346 4.04775488824 1 21 "19L" 0.0937295249019318
-10.79751700672 -83.4054412559 12.30608273557 3 24 "20L" -0.00553069706356524
-44.9768146718 -26.87985308734 41.17916602288 4 21 "21L" -0.00445541870515811
-5.00353896096 -21.08926755684 39.4326365389 2 34 "22L" 0.0500680688087839
-39.26804347817 -13.04824459279 41.60574658096 1 29 "23L" 0.0165939661286213
-8.68821070231001 -60.27632793712 38.82596397219 4 39 "24L" 0.0647465938485491
-5.15298387098001 32.50759256037 5.17920650114999 2 21 "25L" -0.0316102658289204
-29.69588039289 42.99784250674 20.19415852701 1 30 "26L" 0.0580636762124604
-10.851275915 19.13656402874 45.60352740567 1 38 "27L" 0.0992786249298762
-23.38215639817 -66.57287465105 48.952449889 4 36 "28L" 0.132091588814128
-52.84761796034 -13.14053604095 -2.37230697648 5 24 "29L" 0.0141179086742073
-54.27477236635 -38.33941879661 28.01683564433 4 28 "30L" 0.0389024839626106
-7.58483193273 60.83100652313 -8.94061594391001 1 11 "31L" 0.0263864498271624
-27.57426406932 6.66360124101 -32.4784565348 5 6 "32L" -0.000348569340188334
-45.20966321245 -18.61020440191 6.94320867392999 5 17 "33L" 0.0231753407755714
-35.60916666673 -7.26960852595 3.06338379551999 6 32 "34L" 0.0135641895337668
55.17970824957 -43.31735087788 10.56828451767 5 27 "1R" 0.250283353340968
4.03886422982999 14.95267292013 30.10920523769 2 21 "2R" 0.158791488748094
38.72493874425 10.29271626302 41.14271116938 1 30 "3R" 0.295715221400213
7.03210073709 -80.71657669967 23.3035605473 3 17 "4R" 0.0122005987470888
18.5067154811 -11.6937389132 -28.68709461918 5 4 "5R" -0.0132847471568344
31.15092755206 -47.85771247674 -16.10813017253 5 22 "6R" 0.0956241990695255
43.60285764626 -67.59496745837 30.8657798491 4 32 "7R" 0.120116981194383
48.98027874573 -36.58604352162 -16.82898446208 5 32 "8R" 0.257945775084079
6.10865079368999 -48.0910106142 21.73542513904 2 38 "9R" 0.0891080538165436
32.39153126424 -85.68327999906 3.18603318204999 3 24 "10R" 0.0784973764382859
21.84661557579 23.11563527434 -12.28141367156 1 30 "11R" 0.161577754863402
10.84837016577 -70.6257137624 1.11418511457999 3 24 "12R" 0.0718546383261334
4.14282608693999 38.61809221537 -7.67510626185 1 21 "13R" 0.189541971750495
56.00899132321 -32.14515774079 -8.24310824237 5 26 "14R" 0.168285116835896
20.49248110832 -36.11143122916 -13.27168933044 2 21 "15R" 0.193002682530842
7.05720028200999 -10.14993509974 58.32714430532 1 27 "16R" 0.269720075796295
43.82720338975 7.50395037597 14.30324058172 1 15 "17R" 0.0711264545738121
40.24440334135 30.54473284162 -8.32276632206001 1 21 "18R" 0.256120918157343
45.99020661152 22.39303241346 7.11990631450999 1 19 "19R" 0.180942404679105
12.21456521735 -83.4054412559 11.52682610523 3 24 "20R" 0.180033948339855
42.89415764132 -26.87985308734 44.48070391962 4 32 "21R" 0.18283169169357
4.57472742762999 -21.08926755684 38.80600624831 2 26 "22R" 0.188317574706858
40.27644900792 -13.04824459279 42.87363874731 1 39 "23R" 0.15221471153064
9.25622331219 -60.27632793712 37.39916303743 4 33 "24R" 0.0464176616863574
4.41011111108999 32.50759256037 10.25942513904 2 26 "25R" 0.138372739317903
29.21516441009 42.99784250674 15.37124181661 1 33 "26R" 0.156081463679804
12.58537346319 19.13656402874 46.15617670485 1 34 "27R" 0.151480763240939
21.95498248695 -66.57287465105 49.45220661407 4 33 "28R" 0.0800153488933705
50.15124044824 -13.14053604095 -4.36730763958 5 28 "29R" 0.251334314056637
52.96965753427 -38.33941879661 35.04307763889 4 29 "30R" 0.0846756038985152
6.13128318575999 60.83100652313 -5.89061222560001 1 8 "31R" 0.0258881272268135
26.182890625 6.66360124101 -33.62714430532 5 13 "32R" 0.159191590793994
43.64464028786 -18.61020440191 11.4675274573 5 18 "33R" 0.158348715275559
35.64377789589 -7.26960852595 3.47680428650999 6 33 "34R" 0.0438107063720786
